UNA AYUDA POR FAVOR!!!
SELECT tipo,guia_fecha,guia,mes,anno,numero, SUM(valor) valor FROM vst_guias WHERE guia_fecha BETWEEN '2017-09-01' AND '2017-09-30' GROUP BY tipo,guia_fecha,guia,mes,anno,numero ORDER BY tipo,guia_fecha,guia,mes,anno,numero
53712
53768
53781
53821
53698
53691
53671
53672
53673
53674
53676
53677
53678
53679
53680
53681
53682
53683
53684
53685
53687
53690
53692
53693
53694
53697
53699
53700
53701
53702
53703
53704
53705
53706
53707
53708
53709
53710
53711
53713
53714
53715
53716
53717
53718
53719
53720
53721
53722
53724
53725
53726
53728
53730
53731
53732
53733
53734
53735
53739
53740
53741
53742
53743
53744
53745
53746
53747
53748
53749
53751
53752
53754
53755
53756
53757
53758
53759
53760
53762
53763
53764
53765
53766
53767
53769
53770
53771
53772
53773
53774
53775
53776
53777
53778
53779
53780
53782
53783
53784
53785
53787
53789
53790
53791
53792
53793
53794
53795
53796
53797
53798
53799
53800
53801
53803
53804
53805
53806
53807
53808
53809
53810
53812
53813
53814
53815
53816
53817
53818
53820
53675
53686
53689
53695
53696
53723
53727
53729
53736
53737
53738
53750
53753
53761
53786
53788
53802
53811
53819
53688
